----------------------------------------------------------------------------------
| Matrix Size | Threads | move_rows (ms) | move_columns (ms) | move_element (ms) |
----------------------------------------------------------------------------------
| 10 x 10     | 2       |  0.0633471     |  0.0598851        |  0.0686898        |
| 10 x 10     | 4       |  0.0610763     |  0.0629457        |  0.068348         |
| 10 x 10     | 6       |  0.0651352     |  0.0772125        |  0.0674917        |
| 10 x 10     | 8       |  0.0726804     |  0.067239         |  0.0610504        |
| 50 x 50     | 2       |  1.61046       |  1.61064          |  0.145554         |
| 50 x 50     | 4       |  1.65012       |  1.64592          |  0.141337         |
| 50 x 50     | 6       |  1.59652       |  1.71316          |  0.145003         |
| 50 x 50     | 8       |  1.68271       |  1.67864          |  0.152841         |
| 100 x 100   | 2       |  6.48585       |  6.24866          |  6.0244           |
| 100 x 100   | 4       |  6.55747       |  6.3435           |  6.3298           |
| 100 x 100   | 6       |  6.61218       |  6.50416          |  6.54506          |
| 100 x 100   | 8       |  6.82007       |  6.41658          |  6.39902          |
----------------------------------------------------------------------------------
